,0,1,2,3,4,5,6,7,8,9,10,11,12,13,14,15,16,17,18,19,20,21,22,23,24,25,26,27,28,29,30,31,32,33,34,35,36
0,0,999999,999999,999999,999999,999999,999999,999999,999999,999999,999999,999999,999999,999999,999999,999999,999999,999999,999999,999999,999999,999999,999999,999999,999999,999999,999999,999999,999999,999999,999999,999999,999999,999999,999999,999999,999999
1,999999,0,4763,5453,14567,7470,7082,6278,6609,8112,7125,8282,9091,12628,9023,9479,9246,8132,9599,9127,9670,10952,13006,10154,9686,13231,11446,10935,11327,13271,12028,12060,12834,16500,14691,16049,55948
2,999999,4763,0,3359,12451,2994,5203,3341,4540,5988,3896,6098,6976,10512,4546,5002,5166,5014,7483,6768,7437,8836,10890,6369,6484,11116,7661,7502,8084,11174,8412,9475,9402,12023,11259,12617,53832
3,999999,5453,3359,0,9462,4400,2159,1373,1566,2998,2721,3239,3986,7523,4791,5188,4597,3299,4494,4084,4627,5847,7901,5505,4971,8126,6797,6286,6250,8185,7387,7017,8187,11912,9820,11402,50843
4,999999,14567,12451,9462,0,12226,8351,9423,7956,6660,9250,6590,5262,4953,10830,10848,10086,8450,5662,7994,7410,5311,5787,10681,9554,6748,11800,11163,10509,8379,12201,10381,13005,17403,12417,14287,49616
5,999999,7470,2994,4400,12226,0,5754,3378,4355,5842,2853,5669,6818,10225,2823,3279,3443,3917,6956,5851,6591,8309,10493,4787,5409,10589,6117,6417,7008,10291,7112,8400,8251,10300,10184,11542,53105
6,999999,7082,5203,2159,8351,5754,0,2609,1700,1815,3945,2244,2794,6331,6041,6438,5847,3877,3302,4113,3793,4655,6709,6686,5627,6935,7946,7265,6611,7088,8303,6654,9107,13162,9457,11280,49651
7,999999,6278,3341,1373,9423,3378,2609,0,1767,3215,2251,3327,4203,7739,4320,4717,4126,2856,4710,4012,4681,6063,8117,5034,4515,8343,6326,5816,5808,8401,6916,6944,7716,11441,9573,10931,51059
8,999999,6609,4540,1566,7956,4355,1700,1767,0,1705,2407,1694,2718,6254,4494,4892,4300,2400,3209,2839,3081,4562,6632,5161,4149,6842,6420,5891,5314,6758,6890,5772,7690,11615,8574,10391,49573
9,999999,8112,5988,2998,6660,5842,1815,3215,1705,0,3501,1113,1316,4844,5600,5900,5270,3220,1824,3377,2781,3177,5222,6064,4937,5456,7183,6546,5892,5614,7584,5962,8388,12614,8346,10541,48173
10,999999,7125,3896,2721,9250,2853,3945,2251,2407,3501,0,3016,4456,7572,2437,2835,2243,1265,4303,3218,3957,5656,7840,3152,2841,7936,4443,3929,4476,7657,5030,5895,5830,9558,7686,9045,50472
11,999999,8282,6098,3239,6590,5669,2244,3327,1694,1113,3016,0,1537,4849,4531,4831,4201,2151,1580,2295,1699,2933,5117,4982,3855,5213,6101,5464,4810,5123,6503,4853,7306,11545,7652,9480,47938
12,999999,9091,6976,3986,5262,6818,2794,4203,2718,1316,4456,1537,0,3588,5944,6176,5414,3564,1037,3354,2770,1992,3966,6041,4914,4286,7160,6523,5869,4736,7561,5880,8365,12763,8264,10329,47064
13,999999,12628,10512,7523,4953,10225,6331,7739,6254,4844,7572,4849,3588,0,9196,8501,7739,6781,3770,5611,4867,2719,743,8052,6917,2124,9167,8504,7797,4820,9474,7197,9935,14423,9132,11002,45187
14,999999,9023,4546,4791,10830,2823,6041,4320,4494,5600,2437,4531,5944,9196,0,1149,1672,2674,5713,4420,5159,7066,9250,2797,3677,9333,4127,4386,5148,8635,5080,6566,6219,8221,8336,9669,51472
15,999999,9479,5002,5188,10848,3279,6438,4717,4892,5900,2835,4831,6176,8501,1149,0,721,2770,5267,3474,4213,6149,8333,1772,2652,8308,3102,3361,4123,7610,4055,5541,5194,7173,7311,8644,50447
16,999999,9246,5166,4597,10086,3443,5847,4126,4300,5270,2243,4201,5414,7739,1672,721,0,2059,4557,2767,3507,5439,7623,1359,2178,7718,2689,2935,3697,7184,3629,5115,4768,7299,6885,8218,50021
17,999999,8132,5014,3299,8450,3917,3877,2856,2400,3220,1265,2151,3564,6781,2674,2770,2059,0,3358,1970,2710,4510,6694,2919,1919,6789,4142,3624,3456,6410,4662,4895,5462,9412,7102,8380,49224
18,999999,9599,7483,4494,5662,6956,3302,4710,3209,1824,4303,1580,1037,3770,5713,5267,4557,3358,0,2482,1898,1504,3688,5169,4042,3784,6288,5651,4997,4022,6689,4979,7493,11891,7363,9558,46500
19,999999,9127,6768,4084,7994,5851,4113,4012,2839,3377,3218,2295,3354,5611,4420,3474,2767,1970,2482,0,786,3151,5180,2748,1634,5067,3954,3320,2679,4463,4318,2894,5118,9365,5697,7513,47277
20,999999,9670,7437,4627,7410,6591,3793,4681,3081,2781,3957,1699,2770,4867,5159,4213,3507,2710,1898,786,0,2424,4453,3361,2234,4340,4487,3850,3196,3736,4874,3221,5674,10181,6024,7847,46550
21,999999,10952,8836,5847,5311,8309,4655,6063,4562,3177,5656,2933,1992,2719,7066,6149,5439,4510,1504,3151,2424,0,2270,5574,4438,2366,6688,6051,5398,3052,7076,5050,7774,12331,7085,8956,45083
22,999999,13006,10890,7901,5787,10493,6709,8117,6632,5222,7840,5117,3966,743,9250,8333,7623,6694,3688,5180,4453,2270,0,7651,6521,1375,8765,7804,7097,4071,8774,6497,9244,13732,8441,10311,44438
23,999999,10154,6369,5505,10681,4787,6686,5034,5161,6064,3152,4982,6041,8052,2797,1772,1359,2919,5169,2748,3361,5574,7651,0,1066,6608,1476,1661,2423,5910,2355,3841,3494,7388,5611,6944,48747
24,999999,9686,6484,4971,9554,5409,5627,4515,4149,4937,2841,3855,4914,6917,3677,2652,2178,1919,4042,1634,2234,4438,6521,1066,0,5726,2332,1734,1818,5051,2765,3256,3565,8342,5267,6545,47865
25,999999,13231,11116,8126,6748,10589,6935,8343,6842,5456,7936,5213,4286,2124,9333,8308,7718,6789,3784,5067,4340,2366,1375,6608,5726,0,7686,6688,5981,2636,7658,5342,8022,12472,7011,8881,42910
26,999999,11446,7661,6797,11800,6117,7946,6326,6420,7183,4443,6101,7160,9167,4127,3102,2689,4142,6288,3954,4487,6688,8765,1476,2332,7686,0,1445,2415,5904,2139,3809,3278,6129,5395,6728,49010
27,999999,10935,7502,6286,11163,6417,7265,5816,5891,6546,3929,5464,6523,8504,4386,3361,2935,3624,5651,3320,3850,6051,7804,1661,1734,6688,1445,0,970,4459,1109,2365,2006,6681,4116,5457,48034
28,999999,11327,8084,6250,10509,7008,6611,5808,5314,5892,4476,4810,5869,7797,5148,4123,3697,3456,4997,2679,3196,5398,7097,2423,1818,5981,2415,970,0,3732,1737,1436,2537,7340,4019,5301,47307
29,999999,13271,11174,8185,8379,10291,7088,8401,6758,5614,7657,5123,4736,4820,8635,7610,7184,6410,4022,4463,3736,3052,4071,5910,5051,2636,5904,4459,3732,0,5214,2741,5419,9907,4616,6486,43580
30,999999,12028,8412,7387,12201,7112,8303,6916,6890,7584,5030,6503,7561,9474,5080,4055,3629,4662,6689,4318,4874,7076,8774,2355,2765,7658,2139,1109,1737,5214,0,2438,1368,6092,3781,4955,48632
31,999999,12060,9475,7017,10381,8400,6654,6944,5772,5962,5895,4853,5880,7197,6566,5541,5115,4895,4979,2894,3221,5050,6497,3841,3256,5342,3809,2365,1436,2741,2438,0,3056,7777,2873,4986,46320
32,999999,12834,9402,8187,13005,8251,9107,7716,7690,8388,5830,7306,8365,9935,6219,5194,4768,5462,7493,5118,5674,7774,9244,3494,3565,8022,3278,2006,2537,5419,1368,3056,0,4803,2860,3711,48652
33,999999,16500,12023,11912,17403,10300,13162,11441,11615,12614,9558,11545,12763,14423,8221,7173,7299,9412,11891,9365,10181,12331,13732,7388,8342,12472,6129,6681,7340,9907,6092,7777,4803,0,5890,5296,52820
34,999999,14691,11259,9820,12417,10184,9457,9573,8574,8346,7686,7652,8264,9132,8336,7311,6885,7102,7363,5697,6024,7085,8441,5611,5267,7011,5395,4116,4019,4616,3781,2873,2860,5890,0,2375,47487
35,999999,16049,12617,11402,14287,11542,11280,10931,10391,10541,9045,9480,10329,11002,9669,8644,8218,8380,9558,7513,7847,8956,10311,6944,6545,8881,6728,5457,5301,6486,4955,4986,3711,5296,2375,0,49360
36,999999,55948,53832,50843,49616,53105,49651,51059,49573,48173,50472,47938,47064,45187,51472,50447,50021,49224,46500,47277,46550,45083,44438,48747,47865,42910,49010,48034,47307,43580,48632,46320,48652,52820,47487,49360,0
